/************************** 1% ******************************/
0   1
0.000045  2
0.000167  3
0.000178  4
0.000994  1
0.001170  2
0.001980  1
0.002130  2
0.002950  1
0.003246  2
0.004075  1
0.004382  2

/************************** 5% *********************************/
0   1
0.000036  2
0.000135  3
0.000147  4
0.000971  1
0.001027  2
0.001845  1
0.001978  2
0.002794  1
0.002856  2
0.003677  1
0.003768  2
0.004590  1
0.004776  2
0.005587  1
0.006399  1
0.006534  2
0.007364  1
0.008189  1
0.009014  1
0.009842  1

/*********************** 30% ***************************************/
0  1
0.000048  2
0.000297  3
0.000309  4
0.001120  1
0.001284  2
0.002103  1
0.002923  1
0.003745  1
0.004567  1
0.005378  1
0.007932  2

